[gd_resource type="Skin" format=3 uid="uid://bhwu35y3jtgve"]

[resource]
resource_name = "Skin"
bind_count = 10
bind/0/name = &"UpperChest"
bind/0/bone = -1
bind/0/pose = Transform3D(1.0000002, -1.9006112e-07, -2.6965845e-08, 1.8408305e-07, 0.9095966, 0.41549295, -5.444102e-08, -0.41549307, 0.9095966, 2.5331562e-07, -1.2029653, 0.58540887)
bind/1/name = &"Neck"
bind/1/bone = -1
bind/1/pose = Transform3D(1.0000002, -4.6915414e-09, 2.9159946e-08, 5.732935e-14, 0.98730356, 0.15884617, -2.9534952e-08, -0.1588463, 0.9873037, 7.50267e-09, -1.4267764, 0.25402582)
bind/2/name = &"Head"
bind/2/bone = -1
bind/2/pose = Transform3D(1.0000002, -4.691537e-09, 2.9159946e-08, 5.6824808e-14, 0.98730373, 0.15884614, -2.9534949e-08, -0.15884618, 0.9873038, 7.502668e-09, -1.5484216, 0.25402564)
bind/3/name = &"Eyes"
bind/3/bone = -1
bind/3/pose = Transform3D(1, -5.7794267e-19, 1.2099994e-16, 4.446673e-16, 1, 5.684342e-14, -1.2099976e-16, -5.684342e-14, 1, -3.4885892e-17, -1.6635884, -0.117882565)
bind/4/name = &"Eyebrows"
bind/4/bone = -1
bind/4/pose = Transform3D(1, -5.7794267e-19, 1.2099994e-16, 4.446673e-16, 1, 5.684342e-14, -1.2099976e-16, -5.684342e-14, 1, -3.4885892e-17, -1.6967815, -0.117882565)
bind/5/name = &"Jaw"
bind/5/bone = -1
bind/5/pose = Transform3D(-1.0000002, 4.691537e-09, -2.9159946e-08, -2.9534949e-08, -0.15884618, 0.9873038, 5.6824808e-14, 0.98730373, 0.15884614, 4.5912646e-05, 0.2425843, -1.6135411)
bind/6/name = &"LeftShoulder"
bind/6/bone = -1
bind/6/pose = Transform3D(0.4216363, -0.41840002, 0.8044655, 0.8828524, -0.012981282, -0.46947184, 0.2068701, 0.9081703, 0.3639117, 0.54016656, -0.04132053, -1.2846019)
bind/7/name = &"LeftUpperArm"
bind/7/bone = -1
bind/7/pose = Transform3D(0.02138314, 0.3948849, -0.9184821, 0.99613047, -0.08675387, -0.014107548, -0.08525272, -0.91462576, -0.39521146, -0.59760416, -0.07031127, 1.2688344)
bind/8/name = &"RightShoulder"
bind/8/bone = -1
bind/8/pose = Transform3D(0.4216159, 0.4184107, -0.8044704, -0.88285166, -0.01303075, -0.4694719, -0.20691492, 0.90816456, 0.3639004, -0.5401844, -0.041251495, -1.2846003)
bind/9/name = &"RightUpperArm"
bind/9/bone = -1
bind/9/pose = Transform3D(0.021381536, -0.39488614, 0.9184813, -0.9961308, -0.086749606, -0.0141077135, 0.08524872, -0.91462564, -0.39521277, 0.5976044, -0.070317276, 1.2688309)
metadata/humanoid_rotation_delta = {
"Chest": Transform3D(-6.3717e-08, 5.518672e-08, 1, 1, -1.66893e-06, 6.371708e-08, 1.5944242e-06, 1, -5.5186597e-08, 0, 0, 0),
"Head": Transform3D(1.0000006, 1.2257576e-07, 6.560641e-08, -1.3144093e-07, 0.9873037, 0.15884636, -4.5302702e-08, -0.15884656, 0.9873036, 0, 0, 0),
"Hips": Transform3D(-6.390255e-08, 5.4971753e-08, 1, 1.0000002, 8.6426735e-07, 6.3902505e-08, -8.940697e-07, 1.0000001, -5.49718e-08, 3.5527137e-15, -5.9604645e-08, -1.4901161e-08),
"Jaw": Transform3D(-1.0000006, -1.2257576e-07, -6.560641e-08, -4.5302702e-08, -0.15884656, 0.9873036, -1.3144093e-07, 0.9873037, 0.15884636, 0, 0, 0),
"LeftFoot": Transform3D(-0.018542184, 0.025873194, 0.9994935, -0.85414076, -0.5200357, -0.0023838296, 0.5197108, -0.85375255, 0.03174194, 7.450581e-09, 7.450581e-09, -2.9802322e-08),
"LeftHand": Transform3D(-0.28289288, 0.394975, -0.87405235, 0.9498802, -0.011034967, -0.31242186, -0.1330439, -0.918626, -0.37205687, 0, 0, 0),
"LeftIndexDistal": Transform3D(0.0016159639, 0.40581447, -0.91395426, 0.9921806, 0.11341786, 0.052113812, 0.12480688, -0.9068909, -0.4024576, 0, 0, 0),
"LeftIndexIntermediate": Transform3D(-4.053116e-06, 0.3930239, -0.91952825, 1.0000001, -5.8186706e-06, -7.174909e-06, -8.422881e-06, -0.91952825, -0.3930239, 0, 0, 0),
"LeftIndexProximal": Transform3D(-3.799796e-07, 0.39089054, -0.9204377, 1.0000006, 1.514348e-05, 5.751848e-06, 1.6257167e-05, -0.92043716, -0.39089042, 0, 0, 0),
"LeftLowerArm": Transform3D(-0.00055257604, -0.9195363, -0.39300582, 1, 1.2964264e-07, -0.0014067367, 0.0012932345, -0.39300627, 0.9195358, 0, 0, 0),
"LeftLowerLeg": Transform3D(0.024181476, -0.17185816, 0.98482484, -0.9987582, 0.038768604, 0.03128894, -0.043557473, -0.9843583, -0.17070721, 0, 5.9604645e-08, -5.5879354e-09),
"LeftMiddleDistal": Transform3D(0.058172144, 0.41583446, -0.90757763, 0.97266716, 0.18110918, 0.14532445, 0.22480135, -0.8912247, -0.3939329, 0, 0, 0),
"LeftMiddleIntermediate": Transform3D(1.9304454e-05, 0.37689525, -0.92625624, 1.0000012, -1.8166495e-05, 1.30832195e-05, -1.2010336e-05, -0.92625654, -0.3768953, 0, 0, 0),
"LeftMiddleProximal": Transform3D(-6.556511e-06, 0.3817773, -0.92425466, 1.000001, 1.4977239e-05, -1.1846423e-06, 1.3325363e-05, -0.9242546, -0.38177735, 0, 0, 0),
"LeftShoulder": Transform3D(1.2814999e-06, -0.41843507, 0.9082466, 1.0000005, 2.0819716e-06, -2.682209e-07, -1.6093254e-06, 0.9082464, 0.41843504, 0, 0, 0),
"LeftThumbDistal": Transform3D(0.2995816, 0.8378646, 0.45632306, 0.8485486, -0.45302972, 0.27557856, 0.43762895, 0.3046291, -0.8467038, 0, 0, 0),
"LeftThumbMetacarpal": Transform3D(-1.5646219e-06, 0.96451247, 0.26403588, 1.0006086, 3.2298267e-06, -6.109476e-06, -6.377697e-06, 0.26419646, -0.9650996, 0, 0, 0),
"LeftThumbProximal": Transform3D(0.00019593537, 0.9399421, 0.3415242, 1.0005401, 0.00017920136, 5.9634447e-05, 4.8726797e-06, 0.3416856, -0.9404655, 0, 0, 0),
"LeftToes": Transform3D(0.0023850324, -0.031741902, -0.99949354, -0.999997, -7.582145e-05, -0.0023837986, -1.2283758e-07, 0.99949646, -0.03174198, 0, 1.4901161e-08, 2.6077032e-08),
"LeftUpperArm": Transform3D(-0.0021945015, 0.3960542, -0.91822493, 0.99998254, -0.0042675966, -0.004231006, -0.0055942843, -0.91821724, -0.3960376, 0, 2.9802322e-08, 0),
"LeftUpperLeg": Transform3D(-8.3826137e-07, 0.9999972, 0.0023851672, -1.0000002, -8.1211334e-07, 2.7133467e-07, 2.1063178e-07, -0.002385163, 0.9999974, 0, 5.9604645e-08, 5.5879354e-09),
"Neck": Transform3D(1.3144096e-07, -4.5302137e-08, -1.0000002, 0.99999994, 4.4852495e-06, 1.3144086e-07, 4.2915344e-06, -1, 4.530271e-08, 0, 0, 0),
"RightFoot": Transform3D(-0.018542087, 0.02587242, 0.99949336, 0.8541406, 0.52003545, 0.002384358, -0.51971054, 0.8537525, -0.03174122, 0, 7.450581e-09, 0),
"RightHand": Transform3D(0.06456361, 0.39300755, -0.91726655, -0.9975329, -4.7336734e-08, -0.070212536, -0.027594449, 0.9195357, 0.39203742, 0, 0, 0),
"RightLowerArm": Transform3D(-0.0005524885, -0.91953576, -0.39300704, -1, 4.5795694e-08, 0.0014066696, -0.0012927279, 0.3930076, -0.9195352, 0, -5.9604645e-08, 0),
"RightLowerLeg": Transform3D(0.024180725, -0.1718584, 0.98482484, 0.998758, -0.0387686, -0.031288184, 0.04355737, 0.9843579, 0.1707076, 0, 2.9802322e-08, -3.7252903e-09),
"RightShoulder": Transform3D(-1.9133091e-05, -0.4184466, 0.9082414, -1.0000008, 4.718569e-05, 7.748604e-07, -4.3183565e-05, -0.9082415, -0.41844636, 0, -7.450581e-09, 0),
"RightToes": Transform3D(0.0023852622, -0.031741153, -0.99949324, 0.9999965, 7.569823e-05, 0.002384237, -3.0288007e-08, -0.9994963, 0.031741228, 0, 7.450581e-09, 3.7252903e-09),
"RightUpperArm": Transform3D(-0.0021958388, 0.39605546, -0.91822433, -0.9999827, 0.0042636544, 0.0042311335, 0.0055904663, 0.9182172, 0.39603886, 0, 0, 0),
"RightUpperLeg": Transform3D(-3.7323993e-08, 0.99999726, 0.0023853446, 1.0000002, 3.725313e-09, -1.930896e-07, -1.4909173e-07, 0.00238552, -0.99999726, 0, 5.9604645e-08, 3.7252903e-09),
"Root": Transform3D(0, 0, 1, 0.9887751, 0.14941198, 0, -0.149412, 0.9887751, 0, 0, 0, 0),
"Spine": Transform3D(-5.1728225e-08, -6.655541e-08, -1, 1.0000007, -9.573996e-07, -5.1728183e-08, -1.013279e-06, -1.0000007, 6.655547e-08, 0, 0, 0),
"UpperChest": Transform3D(-1.0557212e-07, -4.5486663e-09, -1.0000002, 0.93853, -0.3451975, -9.751241e-08, -0.34519765, -0.93853027, 4.0712266e-08, 0, 0, 0)
}
