[gd_resource type="Skin" format=3 uid="uid://bue3ryh33emo7"]

[resource]
resource_name = "Skin3"
bind_count = 50
bind/0/name = &"Root"
bind/0/bone = -1
bind/0/pose = Transform3D(1, 0, 0, 0, 1, 0, 0, 0, 1, 4.2011557, 0, 0)
bind/1/name = &"Hips"
bind/1/bone = -1
bind/1/pose = Transform3D(1, 8.461462e-18, 5.5996435e-17, 1.323489e-23, 0.9887753, -0.14941102, -5.6632127e-17, 0.14941098, 0.9887752, 4.2011557, -0.8664401, -0.13092524)
bind/2/name = &"Spine"
bind/2/bone = -1
bind/2/pose = Transform3D(1, -2.8144423e-18, 5.656213e-17, 6.617445e-24, 0.9987644, 0.04969654, -5.663214e-17, -0.049696628, 0.9987644, 4.2011557, -0.9770611, 0.0641647)
bind/3/name = &"Chest"
bind/3/bone = -1
bind/3/pose = Transform3D(1, 8.272911e-18, 5.602467e-17, -1.323489e-23, 0.98927265, -0.14608161, -5.6632093e-17, 0.14608152, 0.98927253, 4.2011557, -1.1488329, -0.1630642)
bind/4/name = &"UpperChest"
bind/4/bone = -1
bind/4/pose = Transform3D(1.0000002, -1.9006112e-07, -2.6965845e-08, 1.8408305e-07, 0.9095966, 0.41549295, -5.444102e-08, -0.41549307, 0.9095966, 4.201157, -1.2029645, 0.5854086)
bind/5/name = &"Neck"
bind/5/bone = -1
bind/5/pose = Transform3D(1.0000002, -4.6915414e-09, 2.9159946e-08, 5.732935e-14, 0.98730356, 0.15884617, -2.9534952e-08, -0.1588463, 0.9873037, 4.2011566, -1.4267764, 0.2540257)
bind/6/name = &"Head"
bind/6/bone = -1
bind/6/pose = Transform3D(1.0000002, -4.691537e-09, 2.9159946e-08, 5.6824808e-14, 0.98730373, 0.15884614, -2.9534949e-08, -0.15884618, 0.9873038, 4.2011566, -1.5484216, 0.25402552)
bind/7/name = &"Eyes"
bind/7/bone = -1
bind/7/pose = Transform3D(1, -5.7794267e-19, 1.2099994e-16, 4.446673e-16, 1, 5.684342e-14, -1.2099976e-16, -5.684342e-14, 1, 4.2011557, -1.6635884, -0.117882565)
bind/8/name = &"Eyebrows"
bind/8/bone = -1
bind/8/pose = Transform3D(1, -5.7794267e-19, 1.2099994e-16, 4.446673e-16, 1, 5.684342e-14, -1.2099976e-16, -5.684342e-14, 1, 4.2011557, -1.6967815, -0.117882565)
bind/9/name = &"Jaw"
bind/9/bone = -1
bind/9/pose = Transform3D(-1.0000002, 4.691537e-09, -2.9159946e-08, -2.9534949e-08, -0.15884618, 0.9873038, 5.6824808e-14, 0.98730373, 0.15884614, -4.201111, 0.24258418, -1.6135411)
bind/10/name = &"LeftShoulder"
bind/10/bone = -1
bind/10/pose = Transform3D(0.4216363, -0.41840002, 0.8044655, 0.8828524, -0.012981282, -0.46947184, 0.2068701, 0.9081703, 0.3639117, 2.3115263, 3.6676798, -0.4155085)
bind/11/name = &"LeftUpperArm"
bind/11/bone = -1
bind/11/pose = Transform3D(0.02138314, 0.3948849, -0.9184821, 0.99613047, -0.08675387, -0.014107548, -0.08525272, -0.91462576, -0.39521146, -0.50777024, 4.1145883, 0.91067445)
bind/12/name = &"LeftLowerArm"
bind/12/bone = -1
bind/12/pose = Transform3D(0.027593913, -0.9195365, -0.3920358, 0.9975324, -1.6492166e-08, 0.0702125, -0.0645631, -0.39300606, 0.9172671, 1.3318992, 3.666675, 0.3465917)
bind/13/name = &"LeftHand"
bind/13/bone = -1
bind/13/pose = Transform3D(-0.28289264, 0.3949748, -0.8740521, 0.94987965, -0.011035159, -0.31242144, -0.13304387, -0.91862607, -0.37205642, -1.5296733, 3.23538, 0.7849299)
bind/14/name = &"LeftThumbMetacarpal"
bind/14/bone = -1
bind/14/pose = Transform3D(0.007816792, 0.94830906, 0.31725222, 0.83172333, -0.18264179, 0.5254473, 0.5562301, 0.259759, -0.7901584, -1.256629, 3.0406082, 1.5306063)
bind/15/name = &"LeftThumbProximal"
bind/15/bone = -1
bind/15/pose = Transform3D(0.29942465, 0.8379576, 0.45625913, 0.84849006, -0.45319277, 0.27549595, 0.43762702, 0.30464143, -0.8466954, -0.14896204, 3.405394, 1.0800946)
bind/16/name = &"LeftThumbDistal"
bind/16/bone = -1
bind/16/pose = Transform3D(0.29942474, 0.8379576, 0.45625925, 0.8484899, -0.45319247, 0.27549595, 0.43762684, 0.3046413, -0.8466952, -0.14896166, 3.3487036, 1.0800939)
bind/17/name = &"LeftIndexProximal"
bind/17/bone = -1
bind/17/pose = Transform3D(0.12416153, 0.39087614, -0.9120309, 0.99130553, -0.008511045, 0.13130596, 0.043561995, -0.92040414, -0.388534, -0.13088024, 3.2814827, 1.3970404)
bind/18/name = &"LeftIndexIntermediate"
bind/18/bone = -1
bind/18/pose = Transform3D(0.18073148, 0.3847539, -0.9051526, 0.97303045, -0.20407817, 0.10753681, -0.14334679, -0.90017617, -0.4112602, 0.06173542, 3.447843, 0.7606324)
bind/19/name = &"LeftIndexDistal"
bind/19/bone = -1
bind/19/pose = Transform3D(0.18073142, 0.38475388, -0.90515256, 0.9730303, -0.20407811, 0.10753678, -0.14334679, -0.90017617, -0.41126016, 0.061735496, 3.4099295, 0.76063246)
bind/20/name = &"IndexFinger_04"
bind/20/bone = -1
bind/20/pose = Transform3D(1, 2.2827683e-08, -1.1175828e-08, -3.6940673e-09, 1, 2.0872449e-08, 3.7252956e-09, -2.699484e-08, 1, 3.1842625, -1.3449663, -0.0040422115)
bind/21/name = &"LeftMiddleProximal"
bind/21/bone = -1
bind/21/pose = Transform3D(-0.038208727, 0.37933403, -0.924471, 0.9897622, -0.11295204, -0.08725464, -0.13751945, -0.91833985, -0.3711343, -0.70391136, 3.415639, 0.76982546)
bind/22/name = &"LeftMiddleIntermediate"
bind/22/bone = -1
bind/22/pose = Transform3D(0.013431553, 0.37232935, -0.92800385, 0.98672634, -0.15514779, -0.047966503, -0.16183701, -0.9150413, -0.36947072, -0.5263409, 3.4232087, 0.686207)
bind/23/name = &"LeftMiddleDistal"
bind/23/bone = -1
bind/23/pose = Transform3D(0.0134314895, 0.37232926, -0.92800385, 0.9867263, -0.15514778, -0.04796645, -0.16183706, -0.9150413, -0.3694706, -0.52634114, 3.3880754, 0.6862067)
bind/24/name = &"Finger_04"
bind/24/bone = -1
bind/24/pose = Transform3D(1, -1.5178998e-08, -5.5878644e-09, 1.31306575e-08, 1, -8.137533e-09, 6.5192935e-09, -1.0461026e-08, 1, 3.197224, -1.3394727, 0.07791705)
bind/25/name = &"RightShoulder"
bind/25/bone = -1
bind/25/pose = Transform3D(0.4216159, 0.4184107, -0.8044704, -0.88285166, -0.01303075, -0.4694719, -0.20691492, 0.90816456, 0.3639004, 1.2310895, -3.750249, -2.153882)
bind/26/name = &"RightUpperArm"
bind/26/bone = -1
bind/26/pose = Transform3D(0.021381536, -0.39488614, 0.9184813, -0.9961308, -0.086749606, -0.0141077135, 0.08524872, -0.91462564, -0.39521277, 0.6874316, -4.2552176, 1.6269741)
bind/27/name = &"RightLowerArm"
bind/27/bone = -1
bind/27/pose = Transform3D(0.027594117, 0.91953564, 0.39203715, -0.9975324, 2.3242496e-08, 0.07021236, 0.06456302, -0.3930072, 0.91726613, -1.100043, -4.7149034, 0.8890716)
bind/28/name = &"RightHand"
bind/28/bone = -1
bind/28/pose = Transform3D(0.06456303, -0.39300728, 0.91726625, -0.9975325, 1.39292675e-08, 0.07021238, -0.02759412, -0.91953576, -0.3920372, 0.88907176, -4.9860487, 1.1000432)
bind/29/name = &"Thumb_01_2"
bind/29/bone = -1
bind/29/pose = Transform3D(0.83121437, 0.1825335, -0.5251326, 0.1543169, -0.9832, -0.09749252, -0.534106, 3.2337022e-07, -0.8454179, 3.9453702, 2.1047525, -2.68052)
bind/30/name = &"Thumb_02_2"
bind/30/bone = -1
bind/30/pose = Transform3D(0.84797543, 0.4529144, -0.27532962, 0.4307759, -0.8915539, -0.13986908, -0.30882013, 2.5490118e-07, -0.951121, 3.7216287, 3.3909187, -1.5293816)
bind/31/name = &"Thumb_03_2"
bind/31/bone = -1
bind/31/pose = Transform3D(1, -1.4243046e-08, -7.4505664e-09, -7.3721402e-09, -1, 8.571291e-09, -3.3527705e-08, -1.2897344e-09, -1, 5.136921, 1.3119501, 0.059932522)
bind/32/name = &"IndexFinger_01_2"
bind/32/bone = -1
bind/32/pose = Transform3D(0.99130607, 0.008526254, -0.13130021, 0.00845244, -0.9999641, -0.0011195708, -0.131305, 7.808773e-09, -0.991342, 5.0477576, 1.4080199, -0.6776625)
bind/33/name = &"IndexFinger_02_2"
bind/33/bone = -1
bind/33/pose = Transform3D(0.9730309, 0.20407216, -0.107544154, 0.202837, -0.978956, -0.02241856, -0.10985601, 2.939034e-09, -0.9939481, 4.7278724, 2.379481, -0.5673053)
bind/34/name = &"IndexFinger_03_2"
bind/34/bone = -1
bind/34/pose = Transform3D(0.94782203, 0.3142088, -0.053905066, 0.31370193, -0.94935393, -0.017840914, -0.056780804, -7.3656636e-11, -0.998387, 4.4856024, 2.9138303, -0.29224923)
bind/35/name = &"IndexFinger_04_2"
bind/35/bone = -1
bind/35/pose = Transform3D(1, -2.8415624e-08, 3.7252477e-09, 3.7480135e-08, -1.0000001, 1.3928016e-08, 7.450627e-09, -2.8074678e-09, -0.99999994, 5.2180457, 1.3449705, 0.00404246)
bind/36/name = &"Finger_01_2"
bind/36/bone = -1
bind/36/pose = Transform3D(0.9897601, 0.11296638, 0.08725315, 0.11253, -0.9935991, 0.009920237, 0.08781529, -5.8963447e-08, -0.996137, 4.900621, 1.9257126, 0.3811636)
bind/37/name = &"Finger_02_2"
bind/37/bone = -1
bind/37/pose = Transform3D(0.98672813, 0.15512903, 0.047979716, 0.15494601, -0.9878941, 0.007534241, 0.048567694, 5.8165398e-08, -0.99881995, 4.8676085, 2.1359458, 0.17913644)
bind/38/name = &"Finger_03_2"
bind/38/bone = -1
bind/38/pose = Transform3D(0.9241561, 0.33495012, 0.18369628, 0.32852307, -0.9422359, 0.06530123, 0.19495797, 7.365189e-08, -0.98081183, 4.3459377, 2.9771767, 0.93835175)
bind/39/name = &"Finger_04_2"
bind/39/bone = -1
bind/39/pose = Transform3D(0.9999999, -6.351774e-08, -7.450666e-09, 1.626437e-08, -1, -1.8918627e-08, 3.725296e-08, -1.9341321e-08, -1.0000001, 5.2050853, 1.3394701, -0.07791677)
bind/40/name = &"RightUpperLeg"
bind/40/bone = -1
bind/40/pose = Transform3D(-0.9994932, 0.031740956, -0.0023851537, -0.031741034, -0.9994961, 9.12909e-08, -0.0023841283, 7.572597e-05, 0.999997, -4.3243866, 0.69464886, 0.010153981)
bind/41/name = &"RightLowerLeg"
bind/41/bone = -1
bind/41/pose = Transform3D(0.9994931, -0.03174096, 0.002385199, -0.031741034, -0.99949604, 9.732321e-08, 0.002384141, -7.5727956e-05, -0.99999696, 4.3243866, 0.2953396, -0.010153955)
bind/42/name = &"RightFoot"
bind/42/bone = -1
bind/42/pose = Transform3D(-0.9994933, 0.03174097, -0.0023851525, -0.0023841867, 7.56681e-05, 0.9999969, 0.031741064, 0.99949604, -5.9604645e-08, -4.315268, 0.026580198, 0.08131564)
bind/43/name = &"RightToes"
bind/43/bone = -1
bind/43/pose = Transform3D(0.99949336, -0.03174098, 0.0023851506, -0.0023841858, 7.5638294e-05, 0.999997, -0.031741068, -0.9994961, -3.0553142e-13, 4.313176, -0.06980133, -0.13995999)
bind/44/name = &"Toes_R"
bind/44/bone = -1
bind/44/pose = Transform3D(1, 2.602518e-09, -3.2983394e-11, 2.2867344e-09, 1, -7.2617468e-12, -2.3285907e-10, -1.4210855e-14, 1, 4.315599, 0.0029797694, -0.13247012)
bind/45/name = &"LeftUpperLeg"
bind/45/bone = -1
bind/45/pose = Transform3D(-0.9994932, -0.03174189, 0.002385403, 0.031741973, -0.9994962, 8.563711e-08, 0.002384197, 7.575573e-05, 0.9999972, -4.0736656, 0.96135074, 0.030186469)
bind/46/name = &"LeftLowerLeg"
bind/46/bone = -1
bind/46/pose = Transform3D(0.99949336, 0.031741895, -0.0023854524, 0.03174197, -0.9994963, 8.800998e-08, -0.0023842156, -7.575776e-05, -0.99999726, 4.073666, 0.5620413, -0.030186534)
bind/47/name = &"LeftFoot"
bind/47/bone = -1
bind/47/pose = Transform3D(-0.9994934, -0.031741917, 0.002385417, 0.0023842456, 7.57277e-05, 0.99999714, -0.031742, 0.9994962, -1.1920929e-07, -4.0827866, 0.046613168, -0.18538648)
bind/48/name = &"LeftToes"
bind/48/bone = -1
bind/48/pose = Transform3D(0.9994934, 0.03174192, -0.0023854151, 0.0023842452, 7.56979e-05, 0.99999714, 0.031742007, -0.9994962, -2.508214e-12, 4.084879, -0.049768377, 0.1267422)
bind/49/name = &"Toes_L"
bind/49/bone = -1
bind/49/pose = Transform3D(1, 6.8909767e-10, 2.7579006e-10, -2.4390632e-09, -1, -1.2246469e-16, 4.2632564e-14, -7.2758353e-12, -1, 4.086713, -0.0029797696, 0.13247)
metadata/humanoid_rotation_delta = {
"Chest": Transform3D(-6.3717e-08, 5.518672e-08, 1, 1, -1.66893e-06, 6.371708e-08, 1.5944242e-06, 1, -5.5186597e-08, 0, 0, 0),
"Head": Transform3D(1.0000006, 1.2257576e-07, 6.560641e-08, -1.3144093e-07, 0.9873037, 0.15884636, -4.5302702e-08, -0.15884656, 0.9873036, 0, 0, 0),
"Hips": Transform3D(-6.390255e-08, 5.4971753e-08, 1, 1.0000002, 8.6426735e-07, 6.3902505e-08, -8.940697e-07, 1.0000001, -5.49718e-08, 3.5527137e-15, -5.9604645e-08, -1.4901161e-08),
"Jaw": Transform3D(-1.0000006, -1.2257576e-07, -6.560641e-08, -4.5302702e-08, -0.15884656, 0.9873036, -1.3144093e-07, 0.9873037, 0.15884636, 0, 0, 0),
"LeftFoot": Transform3D(-0.018542184, 0.025873194, 0.9994935, -0.85414076, -0.5200357, -0.0023838296, 0.5197108, -0.85375255, 0.03174194, 7.450581e-09, 7.450581e-09, -2.9802322e-08),
"LeftHand": Transform3D(-0.28289288, 0.394975, -0.87405235, 0.9498802, -0.011034967, -0.31242186, -0.1330439, -0.918626, -0.37205687, 0, 0, 0),
"LeftIndexDistal": Transform3D(0.0016159639, 0.40581447, -0.91395426, 0.9921806, 0.11341786, 0.052113812, 0.12480688, -0.9068909, -0.4024576, 0, 0, 0),
"LeftIndexIntermediate": Transform3D(-4.053116e-06, 0.3930239, -0.91952825, 1.0000001, -5.8186706e-06, -7.174909e-06, -8.422881e-06, -0.91952825, -0.3930239, 0, 0, 0),
"LeftIndexProximal": Transform3D(-3.799796e-07, 0.39089054, -0.9204377, 1.0000006, 1.514348e-05, 5.751848e-06, 1.6257167e-05, -0.92043716, -0.39089042, 0, 0, 0),
"LeftLowerArm": Transform3D(-0.00055257604, -0.9195363, -0.39300582, 1, 1.2964264e-07, -0.0014067367, 0.0012932345, -0.39300627, 0.9195358, 0, 0, 0),
"LeftLowerLeg": Transform3D(0.024181476, -0.17185816, 0.98482484, -0.9987582, 0.038768604, 0.03128894, -0.043557473, -0.9843583, -0.17070721, 0, 5.9604645e-08, -5.5879354e-09),
"LeftMiddleDistal": Transform3D(0.058172144, 0.41583446, -0.90757763, 0.97266716, 0.18110918, 0.14532445, 0.22480135, -0.8912247, -0.3939329, 0, 0, 0),
"LeftMiddleIntermediate": Transform3D(1.9304454e-05, 0.37689525, -0.92625624, 1.0000012, -1.8166495e-05, 1.30832195e-05, -1.2010336e-05, -0.92625654, -0.3768953, 0, 0, 0),
"LeftMiddleProximal": Transform3D(-6.556511e-06, 0.3817773, -0.92425466, 1.000001, 1.4977239e-05, -1.1846423e-06, 1.3325363e-05, -0.9242546, -0.38177735, 0, 0, 0),
"LeftShoulder": Transform3D(1.2814999e-06, -0.41843507, 0.9082466, 1.0000005, 2.0819716e-06, -2.682209e-07, -1.6093254e-06, 0.9082464, 0.41843504, 0, 0, 0),
"LeftThumbDistal": Transform3D(0.2995816, 0.8378646, 0.45632306, 0.8485486, -0.45302972, 0.27557856, 0.43762895, 0.3046291, -0.8467038, 0, 0, 0),
"LeftThumbMetacarpal": Transform3D(-1.5646219e-06, 0.96451247, 0.26403588, 1.0006086, 3.2298267e-06, -6.109476e-06, -6.377697e-06, 0.26419646, -0.9650996, 0, 0, 0),
"LeftThumbProximal": Transform3D(0.00019593537, 0.9399421, 0.3415242, 1.0005401, 0.00017920136, 5.9634447e-05, 4.8726797e-06, 0.3416856, -0.9404655, 0, 0, 0),
"LeftToes": Transform3D(0.0023850324, -0.031741902, -0.99949354, -0.999997, -7.582145e-05, -0.0023837986, -1.2283758e-07, 0.99949646, -0.03174198, 0, 1.4901161e-08, 2.6077032e-08),
"LeftUpperArm": Transform3D(-0.0021945015, 0.3960542, -0.91822493, 0.99998254, -0.0042675966, -0.004231006, -0.0055942843, -0.91821724, -0.3960376, 0, 2.9802322e-08, 0),
"LeftUpperLeg": Transform3D(-8.3826137e-07, 0.9999972, 0.0023851672, -1.0000002, -8.1211334e-07, 2.7133467e-07, 2.1063178e-07, -0.002385163, 0.9999974, 0, 5.9604645e-08, 5.5879354e-09),
"Neck": Transform3D(1.3144096e-07, -4.5302137e-08, -1.0000002, 0.99999994, 4.4852495e-06, 1.3144086e-07, 4.2915344e-06, -1, 4.530271e-08, 0, 0, 0),
"RightFoot": Transform3D(-0.018542087, 0.02587242, 0.99949336, 0.8541406, 0.52003545, 0.002384358, -0.51971054, 0.8537525, -0.03174122, 0, 7.450581e-09, 0),
"RightHand": Transform3D(0.06456361, 0.39300755, -0.91726655, -0.9975329, -4.7336734e-08, -0.070212536, -0.027594449, 0.9195357, 0.39203742, 0, 0, 0),
"RightLowerArm": Transform3D(-0.0005524885, -0.91953576, -0.39300704, -1, 4.5795694e-08, 0.0014066696, -0.0012927279, 0.3930076, -0.9195352, 0, -5.9604645e-08, 0),
"RightLowerLeg": Transform3D(0.024180725, -0.1718584, 0.98482484, 0.998758, -0.0387686, -0.031288184, 0.04355737, 0.9843579, 0.1707076, 0, 2.9802322e-08, -3.7252903e-09),
"RightShoulder": Transform3D(-1.9133091e-05, -0.4184466, 0.9082414, -1.0000008, 4.718569e-05, 7.748604e-07, -4.3183565e-05, -0.9082415, -0.41844636, 0, -7.450581e-09, 0),
"RightToes": Transform3D(0.0023852622, -0.031741153, -0.99949324, 0.9999965, 7.569823e-05, 0.002384237, -3.0288007e-08, -0.9994963, 0.031741228, 0, 7.450581e-09, 3.7252903e-09),
"RightUpperArm": Transform3D(-0.0021958388, 0.39605546, -0.91822433, -0.9999827, 0.0042636544, 0.0042311335, 0.0055904663, 0.9182172, 0.39603886, 0, 0, 0),
"RightUpperLeg": Transform3D(-3.7323993e-08, 0.99999726, 0.0023853446, 1.0000002, 3.725313e-09, -1.930896e-07, -1.4909173e-07, 0.00238552, -0.99999726, 0, 5.9604645e-08, 3.7252903e-09),
"Root": Transform3D(0, 0, 1, 0.9887751, 0.14941198, 0, -0.149412, 0.9887751, 0, 0, 0, 0),
"Spine": Transform3D(-5.1728225e-08, -6.655541e-08, -1, 1.0000007, -9.573996e-07, -5.1728183e-08, -1.013279e-06, -1.0000007, 6.655547e-08, 0, 0, 0),
"UpperChest": Transform3D(-1.0557212e-07, -4.5486663e-09, -1.0000002, 0.93853, -0.3451975, -9.751241e-08, -0.34519765, -0.93853027, 4.0712266e-08, 0, 0, 0)
}
